2.1611502170562744
1.7611501216888428
1.9611499309539795
1.9611499309539795
1.7611500024795532
2.061150074005127
1.7611500024795532
1.9611499309539795
1.9611501693725586
1.8611500263214111
1.9611501693725586
1.7611501216888428
2.1611499786376953
1.8611500263214111
2.061150312423706
1.8611500263214111
1.6611499786376953
2.061148166656494
1.7611501216888428
1.6611502170562744
1.7611500024795532
2.1611499786376953
1.9611499309539795
1.7611500024795532
1.9611499309539795
1.8611501455307007
1.8611767292022705
1.9611499309539795
2.2611498832702637
2.061150074005127
